FHE Evaluation Metrics for LR DP Model:
-----------------------------------------------
Compile Time      : 250.9846 seconds
Prediction Time    : 15302.4592 seconds
Memory Usage       : 4270.58 MB
Accuracy           : 0.7541
Precision          : 0.7033
Recall             : 0.7541
F1 Score           : 0.7108

Classification Report:
              precision    recall  f1-score   support

           0       0.00      0.00      0.00        20
           1       0.84      0.99      0.91        81
           2       1.00      0.38      0.55        58
           3       0.00      0.00      0.00         6
           4       0.79      0.90      0.84        63
           5       0.00      0.00      0.00         6
           6       0.00      0.00      0.00         5
           7       0.00      0.00      0.00        20
           8       0.72      0.81      0.76       103
           9       0.86      0.77      0.81       179
          10       0.82      0.94      0.88       253
          11       0.77      0.72      0.74       221
          12       0.66      0.70      0.68       187
          13       0.00      0.00      0.00         3
          14       0.00      0.00      0.00        31
          15       0.73      0.96      0.83       209
          16       0.71      0.83      0.77       145
          17       0.77      0.94      0.85       246
          18       0.92      0.87      0.89        82
          19       0.78      0.85      0.81       179
          20       0.73      0.91      0.81       185
          21       0.00      0.00      0.00        17
          22       0.52      0.89      0.66        89
          23       0.00      0.00      0.00         9
          24       0.00      0.00      0.00         1
          25       0.78      0.84      0.81        87
          26       0.72      0.94      0.82        62
          27       0.87      0.99      0.93       148
          28       0.90      0.86      0.88        44
          29       0.90      0.93      0.92       182
          30       0.00      0.00      0.00         8
          31       0.89      0.73      0.80        70
          32       1.00      0.91      0.96        70
          33       0.00      0.00      0.00        13
          34       0.00      0.00      0.00         1
          35       0.00      0.00      0.00         9
          36       0.00      0.00      0.00        36
          37       0.00      0.00      0.00         1
          38       0.93      0.88      0.90        57
          39       0.00      0.00      0.00         6
          40       0.00      0.00      0.00         1
          41       0.00      0.00      0.00         7
          42       0.70      0.92      0.79       179
          43       0.83      0.87      0.85       126
          44       0.72      0.95      0.82       236
          45       0.63      0.94      0.75        84
          46       0.00      0.00      0.00         1
          47       1.00      0.02      0.04        44
          48       0.00      0.00      0.00        16
          49       0.75      0.81      0.78       183
          50       1.00      0.37      0.54        52
          51       0.86      0.97      0.91       228
          52       0.00      0.00      0.00        10
          53       0.90      0.56      0.69        80
          54       0.00      0.00      0.00         3
          55       0.71      0.83      0.76       189
          56       0.67      0.53      0.59        55
          57       0.00      0.00      0.00        22
          58       0.76      0.56      0.65        73
          59       0.00      0.00      0.00        15
          60       0.00      0.00      0.00        19
          61       1.00      0.35      0.52        51
          62       0.77      0.71      0.74        85
          63       0.98      0.73      0.83        66
          64       0.00      0.00      0.00         5
          65       0.74      0.82      0.78        99
          66       0.89      0.93      0.91        73
          67       0.00      0.00      0.00        21
          68       0.00      0.00      0.00         8
          69       0.94      0.97      0.95       106
          70       0.76      0.97      0.85       140
          71       0.00      0.00      0.00        48
          72       0.90      0.98      0.94        82
          73       0.81      0.94      0.87       244
          74       0.79      0.92      0.85       131
          75       0.67      0.65      0.66       132
          76       0.00      0.00      0.00         1
          77       0.00      0.00      0.00        27
          78       0.52      0.29      0.37        83
          79       0.71      0.83      0.76        66
          80       0.66      0.76      0.70       180
          81       0.00      0.00      0.00         1
          82       0.00      0.00      0.00        23
          83       0.91      0.94      0.92        51
          84       0.00      0.00      0.00         5
          85       0.84      0.90      0.87       177
          86       1.00      0.04      0.09        45
          88       0.00      0.00      0.00         5
          89       0.76      1.00      0.86        96
          90       1.00      0.03      0.06        33
          91       0.00      0.00      0.00         9
          92       0.00      0.00      0.00        10
          93       0.81      1.00      0.90       252
          94       0.59      0.80      0.68        97
          95       0.00      0.00      0.00        19
          96       0.00      0.00      0.00         2
          97       0.77      0.88      0.82        72
          98       0.97      0.67      0.80        52
          99       0.76      0.96      0.85       167
         100       0.00      0.00      0.00         2
         101       0.48      0.75      0.58       115
         102       0.00      0.00      0.00        29
         103       0.00      0.00      0.00        33
         104       0.00      0.00      0.00         4
         105       0.00      0.00      0.00        14
         106       0.00      0.00      0.00        21
         107       1.00      0.14      0.25        21
         108       0.00      0.00      0.00        21
         109       0.00      0.00      0.00         9
         110       0.87      0.72      0.79        76
         111       0.57      0.96      0.72       112
         112       0.00      0.00      0.00        23
         113       0.00      0.00      0.00        30
         114       0.84      0.77      0.80       275
         115       0.78      0.92      0.84        85
         116       0.00      0.00      0.00         7
         117       0.00      0.00      0.00         6
         118       0.00      0.00      0.00        15
         119       0.95      0.96      0.95       187
         120       0.67      0.87      0.76       178
         121       0.61      0.76      0.67       146
         122       0.00      0.00      0.00         2
         123       0.00      0.00      0.00         2
         124       0.00      0.00      0.00        33
         125       0.59      0.61      0.60       168
         126       0.86      0.91      0.88       136
         127       0.79      0.85      0.82       127
         128       1.00      0.78      0.88        55
         129       0.00      0.00      0.00        35
         130       0.85      0.77      0.81       137
         132       0.93      0.93      0.93        56
         133       0.00      0.00      0.00        16
         134       1.00      0.33      0.50        36
         135       0.74      0.87      0.80        60
         136       0.00      0.00      0.00         2
         137       0.76      0.92      0.83       148
         138       0.80      0.91      0.85       244
         139       0.74      0.99      0.85       239
         140       0.60      0.96      0.74       134
         141       0.80      0.96      0.88       103
         142       0.00      0.00      0.00         8
         143       0.00      0.00      0.00         2
         144       0.72      0.89      0.80       197
         145       0.72      0.93      0.81       242
         146       0.00      0.00      0.00        32
         147       0.59      0.77      0.67       131
         149       0.72      0.82      0.77       192
         150       0.00      0.00      0.00         2
         151       0.80      0.74      0.77       186
         152       0.61      0.57      0.59       104
         153       0.31      0.57      0.40       122
         154       0.00      0.00      0.00        22
         155       0.94      0.91      0.92        67
         156       0.90      0.60      0.72        75
         157       0.71      0.85      0.77       202
         158       0.00      0.00      0.00        11
         159       0.00      0.00      0.00         5
         161       0.00      0.00      0.00         2
         162       0.00      0.00      0.00         4
         163       0.00      0.00      0.00         4
         164       0.00      0.00      0.00         9
         165       0.58      0.84      0.69       266
         166       0.00      0.00      0.00        12
         168       1.00      0.62      0.77        40
         169       0.67      0.70      0.69       182
         170       0.74      0.93      0.82       136
         171       0.85      0.67      0.75        69
         172       0.00      0.00      0.00         1
         173       0.89      0.93      0.91       236
         174       0.62      0.69      0.65       198
         175       0.86      0.75      0.80        88
         176       0.83      0.96      0.89       188
         177       0.87      0.91      0.89       126
         178       0.00      0.00      0.00         1
         180       0.75      0.96      0.84       119
         182       0.85      0.98      0.91        83
         183       0.32      0.19      0.24        88
         184       0.82      1.00      0.90       200
         185       0.00      0.00      0.00         4
         186       0.00      0.00      0.00        19
         187       0.00      0.00      0.00         3
         188       0.00      0.00      0.00         3
         189       0.00      0.00      0.00         4
         192       0.00      0.00      0.00         9
         193       0.00      0.00      0.00        13
         194       0.00      0.00      0.00         8
         195       0.00      0.00      0.00        24
         196       0.78      0.90      0.84       246
         197       0.83      0.89      0.86       143
         198       0.00      0.00      0.00        39
         199       0.86      0.85      0.85       124
         200       0.00      0.00      0.00        15
         201       1.00      0.11      0.19        57
         202       0.78      0.92      0.84        74
         203       0.74      0.76      0.75       114
         204       1.00      0.49      0.66        43
         205       0.69      0.99      0.81       176
         206       0.84      0.79      0.82        53
         207       0.60      0.47      0.53       174
         209       0.00      0.00      0.00        17
         210       0.78      0.90      0.84        97
         211       0.87      0.85      0.86       192
         212       0.69      0.90      0.78       133
         213       0.78      1.00      0.88        83
         214       0.87      0.60      0.71        65
         215       0.00      0.00      0.00         8
         216       0.66      0.81      0.73       227
         217       0.00      0.00      0.00         1
         218       0.00      0.00      0.00         8
         219       0.00      0.00      0.00         2
         220       0.00      0.00      0.00        20
         221       0.00      0.00      0.00        19
         222       0.00      0.00      0.00        22
         223       0.00      0.00      0.00         8
         224       0.89      0.88      0.88        64
         225       0.00      0.00      0.00        10
         226       0.89      0.96      0.93       106
         227       0.00      0.00      0.00         4
         228       0.65      0.98      0.78        95
         230       0.00      0.00      0.00        13
         231       0.65      0.89      0.75       126
         232       0.00      0.00      0.00         9
         233       0.00      0.00      0.00        19
         234       0.00      0.00      0.00         3
         235       0.75      0.94      0.83       263
         236       1.00      0.20      0.33        35
         237       0.79      0.98      0.88       169
         238       0.00      0.00      0.00        12
         239       0.81      0.97      0.88        88
         240       0.00      0.00      0.00         1
         241       1.00      0.72      0.84        36
         242       0.00      0.00      0.00         6
         244       0.00      0.00      0.00        24
         245       0.00      0.00      0.00         2
         246       0.63      0.76      0.69       127
         247       0.00      0.00      0.00         7
         248       0.00      0.00      0.00         6
         249       0.86      0.86      0.86       116
         250       0.98      0.72      0.83        69
         251       0.00      0.00      0.00         7
         252       0.83      0.95      0.88        95
         253       0.00      0.00      0.00         6
         254       1.00      0.02      0.03        57
         255       1.00      0.05      0.09        22
         257       0.00      0.00      0.00        35
         258       0.00      0.00      0.00         4
         259       0.00      0.00      0.00        11
         260       0.74      0.86      0.80        81
         261       0.70      0.96      0.81        96
         262       0.00      0.00      0.00         1
         263       0.00      0.00      0.00         3
         264       0.00      0.00      0.00        22
         265       0.00      0.00      0.00        12
         266       0.74      0.95      0.83       148
         267       0.00      0.00      0.00        10
         268       0.00      0.00      0.00        20
         269       0.00      0.00      0.00        43
         270       0.83      0.99      0.90       172
         271       0.00      0.00      0.00        35
         272       0.00      0.00      0.00         9
         273       1.00      0.78      0.88        50
         275       0.00      0.00      0.00         4
         276       0.74      0.75      0.74       279
         277       0.69      0.62      0.65       126
         278       0.00      0.00      0.00         1
         279       0.00      0.00      0.00         3
         280       0.70      0.85      0.77       176
         281       0.84      0.98      0.91       158
         283       0.68      0.89      0.78       141
         284       0.84      0.90      0.87       139
         285       0.95      0.76      0.85        76
         286       0.88      0.94      0.91       239
         287       0.00      0.00      0.00        37
         288       0.97      0.80      0.88        45
         289       0.00      0.00      0.00         6
         290       0.50      0.76      0.60        96
         291       0.00      0.00      0.00         2
         292       0.00      0.00      0.00        17
         293       0.00      0.00      0.00        17
         294       0.82      0.96      0.88       252
         295       0.00      0.00      0.00         2
         296       0.95      0.71      0.81        49
         297       0.00      0.00      0.00        17
         298       0.72      0.86      0.79       197
         299       0.00      0.00      0.00        18
         301       0.00      0.00      0.00         1
         302       0.99      0.89      0.94        75
         303       0.00      0.00      0.00        36
         304       0.00      0.00      0.00        30
         305       0.84      0.98      0.91       167
         306       0.69      0.90      0.78       110
         307       0.00      0.00      0.00         3
         308       0.79      0.94      0.86       176
         309       1.00      0.13      0.23        47
         311       0.74      0.82      0.78       130
         312       0.00      0.00      0.00         3
         313       0.00      0.00      0.00         9
         314       0.71      0.95      0.81       120
         315       0.00      0.00      0.00         1
         316       0.00      0.00      0.00         1
         317       0.00      0.00      0.00         6
         318       0.82      0.98      0.89       202
         319       0.00      0.00      0.00        11
         320       0.83      0.97      0.89        69
         321       0.65      0.80      0.72       174
         322       0.90      0.97      0.93        91
         323       0.74      0.94      0.83       185
         324       0.00      0.00      0.00        35
         326       0.00      0.00      0.00         6
         327       0.00      0.00      0.00         6
         328       0.00      0.00      0.00         1
         329       0.00      0.00      0.00         7
         330       0.00      0.00      0.00         2
         332       0.00      0.00      0.00         1
         333       0.00      0.00      0.00        14
         334       1.00      0.10      0.19        39
         335       0.00      0.00      0.00        28
         336       0.93      0.77      0.84        70
         337       0.00      0.00      0.00         1
         339       0.79      0.93      0.85       160
         340       0.00      0.00      0.00         1
         341       0.00      0.00      0.00         5
         342       0.80      0.98      0.88       123
         343       0.00      0.00      0.00         1
         344       0.00      0.00      0.00        12
         345       0.00      0.00      0.00        25
         346       0.00      0.00      0.00         1
         347       0.00      0.00      0.00        10
         348       0.84      0.99      0.91       183
         350       0.00      0.00      0.00         7
         351       0.83      0.98      0.90       244
         352       0.74      0.87      0.80       101
         353       0.77      0.94      0.84        93
         354       0.00      0.00      0.00         2
         355       0.00      0.00      0.00        17
         356       0.64      0.88      0.74        83
         357       0.81      0.98      0.89       104
         358       0.74      0.86      0.80       173
         359       0.00      0.00      0.00        10
         360       0.74      0.90      0.81       192
         361       0.00      0.00      0.00        20
         362       0.75      0.83      0.79       184
         363       0.86      0.82      0.84        92
         364       0.70      0.90      0.79       149
         365       0.97      0.45      0.61        74
         366       0.84      0.69      0.76       100
         367       1.00      0.75      0.86        57
         368       0.00      0.00      0.00         6
         369       0.80      0.53      0.64       254
         370       0.90      0.93      0.91       111
         371       0.69      0.92      0.79        74
         372       0.00      0.00      0.00        40
         373       0.00      0.00      0.00        35
         374       0.00      0.00      0.00        13
         375       0.80      0.95      0.87       258
         376       0.80      0.95      0.87        81
         377       0.00      0.00      0.00         2
         378       0.00      0.00      0.00        28
         379       0.00      0.00      0.00         5
         380       0.00      0.00      0.00         8
         381       0.77      0.95      0.85       234
         382       0.76      0.92      0.83       113
         383       0.00      0.00      0.00         7
         384       0.86      0.97      0.91       182
         385       0.78      0.94      0.85       132
         386       0.00      0.00      0.00         2
         387       0.75      0.78      0.76       120
         388       0.00      0.00      0.00        21
         389       0.00      0.00      0.00        12
         390       0.83      0.69      0.75        71
         391       0.00      0.00      0.00        39
         392       0.86      0.89      0.88        91
         393       0.69      0.95      0.80       140
         394       0.00      0.00      0.00         3
         395       0.67      0.63      0.65        65
         397       0.71      0.92      0.80       106
         398       0.79      0.98      0.87       130
         399       0.82      0.94      0.87       103
         400       0.00      0.00      0.00        55
         401       0.75      0.97      0.85       158
         402       0.79      0.94      0.86       109
         403       0.97      0.96      0.96        68
         404       0.68      0.95      0.79        79
         405       0.00      0.00      0.00         7
         407       0.00      0.00      0.00        14
         408       0.00      0.00      0.00         4
         409       0.92      0.61      0.73        54
         410       0.54      0.71      0.61       191
         411       0.00      0.00      0.00        21
         412       0.83      0.97      0.89       156
         413       0.00      0.00      0.00        26
         414       0.74      0.92      0.82       149
         415       0.83      0.68      0.75        59
         416       0.00      0.00      0.00         2
         417       0.00      0.00      0.00        10
         418       0.00      0.00      0.00        15
         419       0.00      0.00      0.00         2
         420       0.00      0.00      0.00        10
         421       0.67      0.96      0.79       136
         422       0.00      0.00      0.00         5
         423       0.84      0.99      0.91       250
         424       0.00      0.00      0.00        31
         425       0.00      0.00      0.00         5
         426       0.00      0.00      0.00         4
         427       1.00      0.61      0.76        36
         428       0.83      0.96      0.89        91
         429       0.00      0.00      0.00         1
         430       0.82      0.95      0.88       102
         431       0.00      0.00      0.00         2
         432       0.00      0.00      0.00        31
         433       0.63      0.74      0.68       184
         434       0.00      0.00      0.00        10
         435       0.00      0.00      0.00         1
         436       0.00      0.00      0.00        32
         437       0.00      0.00      0.00        38
         438       0.62      0.79      0.69       242
         439       0.00      0.00      0.00         5
         440       0.00      0.00      0.00        28
         441       0.00      0.00      0.00         1
         442       1.00      0.75      0.85        59
         443       1.00      0.40      0.57        53
         444       0.00      0.00      0.00         3
         445       0.95      0.73      0.83        52
         446       0.00      0.00      0.00        15
         447       0.00      0.00      0.00         8
         448       0.00      0.00      0.00         6
         449       0.00      0.00      0.00        50
         450       0.86      0.76      0.81        79
         451       0.59      0.96      0.73        97
         452       0.00      0.00      0.00        11
         453       0.47      0.79      0.59        90
         454       0.66      0.93      0.77       153
         455       0.98      0.82      0.89        62
         456       0.00      0.00      0.00         4
         457       1.00      0.72      0.84        54
         458       0.00      0.00      0.00        12
         459       0.76      0.92      0.84       195
         460       0.00      0.00      0.00         9
         461       0.77      0.90      0.83       152
         462       0.00      0.00      0.00         7
         463       0.00      0.00      0.00        25
         466       0.00      0.00      0.00         3
         467       0.58      0.91      0.71        79
         468       0.00      0.00      0.00        23
         469       1.00      0.06      0.11        33
         470       0.95      0.86      0.90        85
         471       0.00      0.00      0.00         1
         472       0.00      0.00      0.00         5
         473       0.85      0.84      0.85        49
         474       0.72      0.53      0.61       147
         475       0.00      0.00      0.00         6
         476       0.00      0.00      0.00         8
         477       0.74      0.91      0.82       176
         478       0.00      0.00      0.00        10
         479       0.65      0.78      0.71       251
         480       0.00      0.00      0.00         3
         481       0.87      0.88      0.87       221
         483       0.85      0.91      0.88        95
         484       0.77      1.00      0.87       236
         486       0.70      0.96      0.81       104
         488       0.00      0.00      0.00         2
         489       0.00      0.00      0.00         1
         490       0.00      0.00      0.00         2
         491       0.00      0.00      0.00         2
         494       0.00      0.00      0.00         6
         495       0.00      0.00      0.00         4
         498       0.00      0.00      0.00         2
         501       0.00      0.00      0.00         1
         503       0.00      0.00      0.00         4
         504       0.00      0.00      0.00        17
         505       0.00      0.00      0.00         7
         506       0.00      0.00      0.00         3
         507       0.00      0.00      0.00         1
         508       0.94      0.84      0.89       103
         509       0.00      0.00      0.00         1
         510       0.00      0.00      0.00         2
         511       0.61      0.96      0.75       119
         512       0.79      1.00      0.88       122
         513       1.00      0.11      0.20        36
         514       1.00      0.46      0.63        59
         515       0.76      0.95      0.85       173
         516       1.00      0.32      0.49        34
         517       0.00      0.00      0.00        23
         518       1.00      0.27      0.43        33
         519       0.99      0.95      0.97        95
         520       0.83      0.88      0.85       197
         521       0.78      0.85      0.81       176
         522       0.00      0.00      0.00         2
         523       0.00      0.00      0.00         2
         524       0.75      0.57      0.65        98
         525       0.00      0.00      0.00        14
         526       1.00      0.21      0.35        42
         527       0.78      0.91      0.84       180
         528       0.73      0.93      0.82        67
         529       1.00      0.37      0.54        35
         530       0.00      0.00      0.00        43
         531       0.70      0.97      0.81       174
         532       0.00      0.00      0.00        14
         533       0.00      0.00      0.00         3
         534       0.95      0.92      0.93       101
         535       0.95      0.98      0.97       102
         536       0.91      0.79      0.84        75
         537       0.67      0.87      0.76       128
         539       0.67      0.90      0.77       189
         540       0.75      0.96      0.84        93
         541       0.00      0.00      0.00         2
         542       0.00      0.00      0.00        28
         543       0.00      0.00      0.00        30
         544       1.00      0.08      0.15        24
         545       0.84      0.94      0.88       263
         546       0.00      0.00      0.00        19
         547       0.89      0.91      0.90        79
         548       0.93      0.78      0.85        36
         549       0.00      0.00      0.00        35
         550       0.42      0.55      0.48       178
         551       0.00      0.00      0.00         2
         552       0.00      0.00      0.00         5
         553       0.00      0.00      0.00        16
         554       0.97      0.93      0.95        74
         556       0.00      0.00      0.00        25
         557       0.00      0.00      0.00         7
         558       0.00      0.00      0.00         6
         559       0.00      0.00      0.00        15
         560       0.00      0.00      0.00         2
         561       0.00      0.00      0.00         5
         562       1.00      0.13      0.23        39
         563       0.68      0.90      0.78       125
         564       0.00      0.00      0.00         3
         565       0.71      0.74      0.73       216
         566       0.97      0.70      0.81        56
         567       0.00      0.00      0.00         8
         568       0.00      0.00      0.00        10
         569       0.00      0.00      0.00         7
         570       0.00      0.00      0.00         1
         571       0.00      0.00      0.00        16
         572       0.00      0.00      0.00         4
         573       0.00      0.00      0.00         7
         574       0.93      0.45      0.61        31
         576       0.00      0.00      0.00        27
         577       0.00      0.00      0.00        37
         578       0.61      0.82      0.70        56
         579       0.00      0.00      0.00        12
         580       1.00      0.26      0.41        23
         581       0.33      0.13      0.19       119
         582       0.00      0.00      0.00        13
         583       0.67      0.98      0.80        87
         584       1.00      0.30      0.46        47
         585       0.00      0.00      0.00         3
         586       1.00      0.40      0.57        30
         587       0.00      0.00      0.00         8
         588       0.00      0.00      0.00         2
         589       0.90      0.92      0.91        71
         590       0.00      0.00      0.00        26
         591       0.00      0.00      0.00         9
         592       1.00      0.07      0.14        41
         593       0.00      0.00      0.00         2
         594       0.00      0.00      0.00         9
         595       1.00      0.05      0.09        41
         596       0.00      0.00      0.00         5
         598       0.79      0.96      0.87       187
         599       0.00      0.00      0.00        30
         600       0.63      0.92      0.75       113
         601       0.00      0.00      0.00        14
         602       0.00      0.00      0.00         2
         603       0.00      0.00      0.00        13
         604       0.68      0.79      0.73       197
         605       1.00      0.32      0.49        31
         606       0.62      0.49      0.55       174
         607       1.00      0.10      0.18        52
         608       0.69      0.88      0.77        98
         609       0.87      0.96      0.91       184
         610       1.00      0.07      0.14        40
         611       0.00      0.00      0.00        20
         612       0.87      0.97      0.92        80
         614       0.68      0.59      0.63       180
         615       0.00      0.00      0.00         5
         616       0.71      0.93      0.80       179
         617       0.00      0.00      0.00         4
         619       0.85      0.88      0.86       191
         620       0.96      0.49      0.65        49
         621       0.00      0.00      0.00        55
         622       0.00      0.00      0.00        28
         623       0.00      0.00      0.00         2
         624       0.00      0.00      0.00         1
         625       0.75      0.98      0.85       134
         626       0.00      0.00      0.00         1
         627       0.60      0.87      0.71       139
         628       0.00      0.00      0.00        22
         629       0.00      0.00      0.00        12
         630       1.00      0.87      0.93        85
         631       1.00      0.21      0.34        34
         632       1.00      0.08      0.15        50
         633       0.00      0.00      0.00        17
         634       0.70      0.57      0.63       170
         635       0.76      0.89      0.82       122
         636       0.00      0.00      0.00         4
         637       0.96      0.79      0.87        67
         638       0.00      0.00      0.00        29
         639       0.00      0.00      0.00         1
         640       0.93      0.94      0.93       185
         641       0.71      0.98      0.82       172
         642       0.66      0.88      0.76       153
         643       0.53      0.28      0.37       191
         644       0.64      0.89      0.74       148
         645       0.74      0.97      0.84       177
         646       0.00      0.00      0.00        16
         647       0.85      0.99      0.92        71
         648       0.71      0.96      0.81       107
         649       0.00      0.00      0.00        33
         650       1.00      0.43      0.60        42
         651       0.72      0.94      0.81       172
         652       0.74      0.78      0.76       180
         653       0.00      0.00      0.00        20
         654       0.56      0.68      0.61       124
         655       0.43      0.39      0.41       137
         656       0.44      0.51      0.47       172
         657       0.62      0.29      0.40       189
         658       0.88      1.00      0.94       175
         659       0.66      0.73      0.69       105
         660       0.00      0.00      0.00        40
         661       0.00      0.00      0.00        23
         662       0.00      0.00      0.00        16
         663       0.00      0.00      0.00         1
         664       0.00      0.00      0.00        14
         665       0.71      0.76      0.73       225
         666       0.00      0.00      0.00         3
         667       0.84      0.96      0.90        73
         668       0.83      0.78      0.81       148
         669       0.71      0.73      0.72       251
         670       0.79      0.77      0.78       255
         672       0.76      0.95      0.85       233
         673       0.00      0.00      0.00        14
         674       0.00      0.00      0.00        26
         675       0.83      0.90      0.86       261
         676       1.00      0.59      0.74        58
         677       0.00      0.00      0.00        22
         678       0.67      0.93      0.78       132
         679       0.91      0.95      0.93       192
         680       0.00      0.00      0.00         6
         681       0.00      0.00      0.00        34
         682       1.00      0.34      0.51        47
         683       0.00      0.00      0.00        23
         684       0.00      0.00      0.00        38
         686       0.00      0.00      0.00         6
         687       0.00      0.00      0.00         2
         688       1.00      0.17      0.29        29
         689       0.70      0.97      0.81        78
         690       0.85      0.63      0.72       179
         691       0.86      0.90      0.88        69
         692       0.82      0.84      0.83       128
         693       0.98      0.81      0.89        58
         694       0.00      0.00      0.00         1
         695       0.00      0.00      0.00         8
         696       0.00      0.00      0.00        19
         698       0.00      0.00      0.00        32
         699       1.00      0.16      0.27        38
         700       0.69      0.81      0.75       183
         701       1.00      0.23      0.37        22
         702       0.85      0.99      0.91       100
         703       0.00      0.00      0.00         4
         704       0.00      0.00      0.00         2
         705       0.95      0.44      0.60        48
         706       0.00      0.00      0.00        16
         707       0.96      0.67      0.79        72
         708       0.80      0.08      0.15        48
         709       0.98      0.90      0.94        61
         710       0.90      0.96      0.93        91
         711       0.84      0.92      0.88       119
         712       0.76      0.75      0.76       133
         713       1.00      0.92      0.96        49
         714       0.00      0.00      0.00         4
         715       0.00      0.00      0.00        15
         716       0.00      0.00      0.00         1
         717       0.00      0.00      0.00        41
         718       0.63      0.99      0.77       105
         719       0.00      0.00      0.00         6
         720       0.00      0.00      0.00         3
         721       1.00      0.73      0.84        74
         723       0.91      0.51      0.66        41
         724       0.00      0.00      0.00        13
         725       0.00      0.00      0.00         4
         726       0.00      0.00      0.00         1
         728       0.00      0.00      0.00         1
         729       1.00      0.76      0.86        75
         730       0.92      0.68      0.78        66
         731       0.89      0.48      0.62        71
         732       0.00      0.00      0.00         5
         733       0.82      0.91      0.86        94
         734       0.59      0.97      0.73        90
         735       0.64      0.87      0.74       178
         736       0.75      0.88      0.81       137
         737       0.00      0.00      0.00        39
         738       0.00      0.00      0.00         1
         739       0.79      0.65      0.71        88
         740       0.00      0.00      0.00         3
         742       0.66      0.85      0.75       220
         743       0.67      0.91      0.77       119
         744       0.00      0.00      0.00        18
         745       0.67      0.87      0.76       180
         747       0.83      0.98      0.90       120
         748       0.00      0.00      0.00        21
         749       0.98      0.78      0.87        67
         750       0.93      0.95      0.94        79
         751       0.00      0.00      0.00         3
         752       0.00      0.00      0.00         3
         753       0.63      0.82      0.71       114
         754       0.00      0.00      0.00         9
         755       0.68      0.84      0.75        85
         756       0.00      0.00      0.00         1
         757       0.00      0.00      0.00        15
         758       0.00      0.00      0.00         3
         759       0.00      0.00      0.00        79
         760       0.00      0.00      0.00         2
         761       0.00      0.00      0.00        22
         762       0.00      0.00      0.00         3
         763       0.00      0.00      0.00         2
         765       0.00      0.00      0.00        44
         766       0.86      0.91      0.88       260
         767       0.00      0.00      0.00         2
         768       0.85      0.88      0.87       111
         769       0.00      0.00      0.00        11
         770       0.00      0.00      0.00         1
         771       0.79      0.98      0.87       106
         772       0.00      0.00      0.00         2

    accuracy                           0.75     49389
   macro avg       0.41      0.39      0.38     49389
weighted avg       0.70      0.75      0.71     49389

Confusion Matrix:
[[  0   0   0 ...   0   0   0]
 [  0  80   0 ...   0   0   0]
 [  0   0  22 ...   0   0   0]
 ...
 [  0   0   0 ...   0   0   0]
 [  0   0   0 ...   0 104   0]
 [  0   0   0 ...   0   0   0]]
