Plaintext Evaluation Metrics for LR DP Model:
-----------------------------------------------
Training Time      : 1025.0192 seconds
Compile Time       : 0.0000 seconds
Prediction Time    : 0.2446 seconds
Memory Usage       : 3990.43 MB
Accuracy           : 0.7535
Precision          : 0.7051
Recall             : 0.7535
F1 Score           : 0.7097

Classification Report:
              precision    recall  f1-score   support

           0       1.00      0.35      0.52        20
           1       0.82      0.99      0.89        81
           2       0.96      0.47      0.63        58
           3       0.00      0.00      0.00         6
           4       0.82      0.86      0.84        63
           5       0.00      0.00      0.00         6
           6       0.00      0.00      0.00         5
           7       0.00      0.00      0.00        20
           8       0.68      0.75      0.71       103
           9       0.93      0.77      0.84       179
          10       0.85      0.93      0.89       253
          11       0.71      0.75      0.73       221
          12       0.72      0.77      0.74       187
          13       0.00      0.00      0.00         3
          14       0.00      0.00      0.00        31
          15       0.78      0.97      0.87       209
          16       0.68      0.93      0.78       145
          17       0.76      0.94      0.84       246
          18       0.90      0.90      0.90        82
          19       0.84      0.79      0.82       179
          20       0.62      0.91      0.74       185
          21       0.00      0.00      0.00        17
          22       0.55      0.81      0.65        89
          23       0.00      0.00      0.00         9
          24       0.00      0.00      0.00         1
          25       0.84      0.83      0.83        87
          26       0.90      0.92      0.91        62
          27       0.76      0.99      0.86       148
          28       1.00      0.84      0.91        44
          29       0.89      0.92      0.91       182
          30       0.00      0.00      0.00         8
          31       0.95      0.74      0.83        70
          32       0.99      0.94      0.96        70
          33       0.00      0.00      0.00        13
          34       0.00      0.00      0.00         1
          35       0.00      0.00      0.00         9
          36       1.00      0.11      0.20        36
          37       0.00      0.00      0.00         1
          38       0.86      0.89      0.88        57
          39       0.00      0.00      0.00         6
          40       0.00      0.00      0.00         1
          41       0.00      0.00      0.00         7
          42       0.70      0.92      0.79       179
          43       0.79      0.92      0.85       126
          44       0.74      0.93      0.83       236
          45       0.60      0.95      0.74        84
          46       0.00      0.00      0.00         1
          47       0.00      0.00      0.00        44
          48       0.00      0.00      0.00        16
          49       0.87      0.81      0.84       183
          50       1.00      0.29      0.45        52
          51       0.86      0.98      0.91       228
          52       0.00      0.00      0.00        10
          53       0.90      0.55      0.68        80
          54       0.00      0.00      0.00         3
          55       0.80      0.76      0.78       189
          56       0.67      0.51      0.58        55
          57       0.00      0.00      0.00        22
          58       0.51      0.58      0.54        73
          59       0.00      0.00      0.00        15
          60       0.00      0.00      0.00        19
          61       1.00      0.31      0.48        51
          62       0.79      0.75      0.77        85
          63       0.83      0.80      0.82        66
          64       0.00      0.00      0.00         5
          65       0.64      0.88      0.74        99
          66       0.83      0.86      0.85        73
          67       0.00      0.00      0.00        21
          68       0.00      0.00      0.00         8
          69       0.94      0.97      0.96       106
          70       0.73      0.98      0.84       140
          71       0.00      0.00      0.00        48
          72       0.81      0.96      0.88        82
          73       0.85      0.94      0.89       244
          74       0.78      0.93      0.85       131
          75       0.60      0.70      0.65       132
          76       0.00      0.00      0.00         1
          77       1.00      0.04      0.07        27
          78       0.55      0.25      0.35        83
          79       0.74      0.89      0.81        66
          80       0.64      0.77      0.70       180
          81       0.00      0.00      0.00         1
          82       0.00      0.00      0.00        23
          83       0.86      0.94      0.90        51
          84       0.00      0.00      0.00         5
          85       0.87      0.88      0.88       177
          86       0.00      0.00      0.00        45
          88       0.00      0.00      0.00         5
          89       0.77      1.00      0.87        96
          90       1.00      0.09      0.17        33
          91       0.00      0.00      0.00         9
          92       0.00      0.00      0.00        10
          93       0.87      1.00      0.93       252
          94       0.51      0.78      0.62        97
          95       0.00      0.00      0.00        19
          96       0.00      0.00      0.00         2
          97       0.86      0.85      0.85        72
          98       0.72      0.75      0.74        52
          99       0.76      0.96      0.85       167
         100       0.00      0.00      0.00         2
         101       0.47      0.71      0.56       115
         102       0.00      0.00      0.00        29
         103       0.00      0.00      0.00        33
         104       0.00      0.00      0.00         4
         105       0.00      0.00      0.00        14
         106       0.00      0.00      0.00        21
         107       1.00      0.24      0.38        21
         108       0.00      0.00      0.00        21
         109       0.00      0.00      0.00         9
         110       0.94      0.59      0.73        76
         111       0.67      0.96      0.79       112
         112       0.00      0.00      0.00        23
         113       0.00      0.00      0.00        30
         114       0.87      0.77      0.82       275
         115       0.80      0.92      0.85        85
         116       0.00      0.00      0.00         7
         117       0.00      0.00      0.00         6
         118       0.00      0.00      0.00        15
         119       0.95      0.95      0.95       187
         120       0.64      0.87      0.74       178
         121       0.58      0.79      0.67       146
         122       0.00      0.00      0.00         2
         123       0.00      0.00      0.00         2
         124       0.00      0.00      0.00        33
         125       0.52      0.70      0.60       168
         126       0.86      0.88      0.87       136
         127       0.74      0.88      0.81       127
         128       1.00      0.65      0.79        55
         129       0.00      0.00      0.00        35
         130       0.79      0.83      0.81       137
         132       0.96      0.95      0.95        56
         133       0.00      0.00      0.00        16
         134       1.00      0.28      0.43        36
         135       0.93      0.87      0.90        60
         136       0.00      0.00      0.00         2
         137       0.79      0.88      0.83       148
         138       0.79      0.91      0.84       244
         139       0.76      0.99      0.86       239
         140       0.68      0.94      0.79       134
         141       0.72      0.97      0.83       103
         142       0.00      0.00      0.00         8
         143       0.00      0.00      0.00         2
         144       0.70      0.92      0.80       197
         145       0.73      0.92      0.81       242
         146       0.00      0.00      0.00        32
         147       0.68      0.72      0.70       131
         149       0.65      0.82      0.72       192
         150       0.00      0.00      0.00         2
         151       0.79      0.73      0.76       186
         152       0.71      0.43      0.54       104
         153       0.44      0.58      0.50       122
         154       0.00      0.00      0.00        22
         155       0.86      0.96      0.91        67
         156       0.87      0.52      0.65        75
         157       0.72      0.85      0.78       202
         158       0.00      0.00      0.00        11
         159       0.00      0.00      0.00         5
         161       0.00      0.00      0.00         2
         162       0.00      0.00      0.00         4
         163       0.00      0.00      0.00         4
         164       0.00      0.00      0.00         9
         165       0.63      0.83      0.71       266
         166       0.00      0.00      0.00        12
         168       1.00      0.55      0.71        40
         169       0.67      0.75      0.71       182
         170       0.82      0.91      0.86       136
         171       0.70      0.71      0.71        69
         172       0.00      0.00      0.00         1
         173       0.94      0.90      0.92       236
         174       0.66      0.66      0.66       198
         175       0.80      0.77      0.79        88
         176       0.80      0.97      0.88       188
         177       0.91      0.92      0.92       126
         178       0.00      0.00      0.00         1
         180       0.75      0.94      0.84       119
         182       0.82      0.98      0.89        83
         183       0.34      0.19      0.25        88
         184       0.87      1.00      0.93       200
         185       0.00      0.00      0.00         4
         186       0.00      0.00      0.00        19
         187       0.00      0.00      0.00         3
         188       0.00      0.00      0.00         3
         189       0.00      0.00      0.00         4
         192       0.00      0.00      0.00         9
         193       0.00      0.00      0.00        13
         194       0.00      0.00      0.00         8
         195       0.00      0.00      0.00        24
         196       0.75      0.92      0.83       246
         197       0.81      0.90      0.85       143
         198       0.00      0.00      0.00        39
         199       0.84      0.87      0.85       124
         200       0.00      0.00      0.00        15
         201       1.00      0.09      0.16        57
         202       0.92      0.89      0.90        74
         203       0.81      0.77      0.79       114
         204       1.00      0.49      0.66        43
         205       0.69      0.99      0.81       176
         206       1.00      0.72      0.84        53
         207       0.51      0.48      0.49       174
         209       0.00      0.00      0.00        17
         210       0.71      0.91      0.80        97
         211       0.84      0.88      0.86       192
         212       0.81      0.89      0.85       133
         213       0.74      1.00      0.85        83
         214       0.78      0.60      0.68        65
         215       0.00      0.00      0.00         8
         216       0.57      0.85      0.68       227
         217       0.00      0.00      0.00         1
         218       0.00      0.00      0.00         8
         219       0.00      0.00      0.00         2
         220       0.00      0.00      0.00        20
         221       0.00      0.00      0.00        19
         222       0.00      0.00      0.00        22
         223       0.00      0.00      0.00         8
         224       0.82      0.83      0.82        64
         225       0.00      0.00      0.00        10
         226       0.90      0.98      0.94       106
         227       0.00      0.00      0.00         4
         228       0.60      0.99      0.75        95
         230       0.00      0.00      0.00        13
         231       0.58      0.91      0.71       126
         232       0.00      0.00      0.00         9
         233       0.00      0.00      0.00        19
         234       0.00      0.00      0.00         3
         235       0.72      0.95      0.82       263
         236       1.00      0.14      0.25        35
         237       0.83      0.98      0.90       169
         238       0.00      0.00      0.00        12
         239       0.82      0.97      0.89        88
         240       0.00      0.00      0.00         1
         241       1.00      0.67      0.80        36
         242       0.00      0.00      0.00         6
         244       0.00      0.00      0.00        24
         245       0.00      0.00      0.00         2
         246       0.62      0.75      0.68       127
         247       0.00      0.00      0.00         7
         248       0.00      0.00      0.00         6
         249       0.82      0.84      0.83       116
         250       0.94      0.67      0.78        69
         251       0.00      0.00      0.00         7
         252       0.70      0.93      0.80        95
         253       0.00      0.00      0.00         6
         254       0.00      0.00      0.00        57
         255       0.00      0.00      0.00        22
         257       0.00      0.00      0.00        35
         258       0.00      0.00      0.00         4
         259       0.00      0.00      0.00        11
         260       0.78      0.81      0.80        81
         261       0.73      0.96      0.83        96
         262       0.00      0.00      0.00         1
         263       0.00      0.00      0.00         3
         264       0.00      0.00      0.00        22
         265       0.00      0.00      0.00        12
         266       0.78      0.93      0.85       148
         267       0.00      0.00      0.00        10
         268       0.00      0.00      0.00        20
         269       0.00      0.00      0.00        43
         270       0.76      0.98      0.86       172
         271       0.00      0.00      0.00        35
         272       0.00      0.00      0.00         9
         273       0.91      0.78      0.84        50
         275       0.00      0.00      0.00         4
         276       0.80      0.73      0.76       279
         277       0.63      0.63      0.63       126
         278       0.00      0.00      0.00         1
         279       0.00      0.00      0.00         3
         280       0.66      0.85      0.74       176
         281       0.83      0.99      0.90       158
         283       0.80      0.86      0.83       141
         284       0.77      0.92      0.84       139
         285       0.87      0.68      0.76        76
         286       0.93      0.94      0.94       239
         287       0.00      0.00      0.00        37
         288       0.92      0.78      0.84        45
         289       0.00      0.00      0.00         6
         290       0.53      0.78      0.63        96
         291       0.00      0.00      0.00         2
         292       0.00      0.00      0.00        17
         293       0.00      0.00      0.00        17
         294       0.80      0.97      0.87       252
         295       0.00      0.00      0.00         2
         296       1.00      0.55      0.71        49
         297       0.00      0.00      0.00        17
         298       0.76      0.82      0.79       197
         299       0.00      0.00      0.00        18
         301       0.00      0.00      0.00         1
         302       0.95      0.84      0.89        75
         303       0.00      0.00      0.00        36
         304       0.00      0.00      0.00        30
         305       0.91      0.96      0.94       167
         306       0.82      0.86      0.84       110
         307       0.00      0.00      0.00         3
         308       0.90      0.94      0.92       176
         309       1.00      0.55      0.71        47
         311       0.66      0.88      0.75       130
         312       0.00      0.00      0.00         3
         313       0.00      0.00      0.00         9
         314       0.75      0.94      0.83       120
         315       0.00      0.00      0.00         1
         316       0.00      0.00      0.00         1
         317       0.00      0.00      0.00         6
         318       0.79      0.96      0.87       202
         319       0.00      0.00      0.00        11
         320       0.72      0.97      0.83        69
         321       0.69      0.78      0.74       174
         322       0.89      0.95      0.91        91
         323       0.76      0.92      0.84       185
         324       0.00      0.00      0.00        35
         326       0.00      0.00      0.00         6
         327       0.00      0.00      0.00         6
         328       0.00      0.00      0.00         1
         329       0.00      0.00      0.00         7
         330       0.00      0.00      0.00         2
         332       0.00      0.00      0.00         1
         333       0.00      0.00      0.00        14
         334       1.00      0.05      0.10        39
         335       0.00      0.00      0.00        28
         336       0.98      0.71      0.83        70
         337       0.00      0.00      0.00         1
         339       0.78      0.93      0.85       160
         340       0.00      0.00      0.00         1
         341       0.00      0.00      0.00         5
         342       0.71      0.98      0.83       123
         343       0.00      0.00      0.00         1
         344       0.00      0.00      0.00        12
         345       0.00      0.00      0.00        25
         346       0.00      0.00      0.00         1
         347       0.00      0.00      0.00        10
         348       0.82      0.99      0.89       183
         350       0.00      0.00      0.00         7
         351       0.89      0.98      0.93       244
         352       0.82      0.84      0.83       101
         353       0.79      0.96      0.87        93
         354       0.00      0.00      0.00         2
         355       0.00      0.00      0.00        17
         356       0.58      0.96      0.73        83
         357       0.77      0.97      0.86       104
         358       0.79      0.84      0.81       173
         359       0.00      0.00      0.00        10
         360       0.77      0.92      0.83       192
         361       0.00      0.00      0.00        20
         362       0.71      0.90      0.79       184
         363       0.76      0.85      0.80        92
         364       0.83      0.90      0.86       149
         365       0.91      0.42      0.57        74
         366       0.86      0.71      0.78       100
         367       1.00      0.65      0.79        57
         368       0.00      0.00      0.00         6
         369       0.73      0.71      0.72       254
         370       0.88      0.91      0.89       111
         371       0.76      0.92      0.83        74
         372       0.00      0.00      0.00        40
         373       0.00      0.00      0.00        35
         374       0.00      0.00      0.00        13
         375       0.79      0.96      0.86       258
         376       0.86      0.98      0.91        81
         377       0.00      0.00      0.00         2
         378       0.00      0.00      0.00        28
         379       0.00      0.00      0.00         5
         380       0.00      0.00      0.00         8
         381       0.74      0.97      0.84       234
         382       0.85      0.92      0.89       113
         383       0.00      0.00      0.00         7
         384       0.85      0.98      0.91       182
         385       0.85      0.92      0.89       132
         386       0.00      0.00      0.00         2
         387       0.74      0.82      0.77       120
         388       0.00      0.00      0.00        21
         389       0.00      0.00      0.00        12
         390       0.80      0.80      0.80        71
         391       0.00      0.00      0.00        39
         392       0.92      0.89      0.91        91
         393       0.65      0.94      0.77       140
         394       0.00      0.00      0.00         3
         395       0.65      0.43      0.52        65
         397       0.54      0.96      0.69       106
         398       0.88      0.97      0.92       130
         399       0.73      0.94      0.82       103
         400       0.00      0.00      0.00        55
         401       0.75      0.97      0.85       158
         402       0.90      0.94      0.92       109
         403       0.93      0.94      0.93        68
         404       0.73      0.85      0.78        79
         405       0.00      0.00      0.00         7
         407       0.00      0.00      0.00        14
         408       0.00      0.00      0.00         4
         409       1.00      0.74      0.85        54
         410       0.60      0.62      0.61       191
         411       0.00      0.00      0.00        21
         412       0.79      0.98      0.87       156
         413       1.00      0.04      0.07        26
         414       0.73      0.92      0.82       149
         415       0.73      0.73      0.73        59
         416       0.00      0.00      0.00         2
         417       0.00      0.00      0.00        10
         418       0.00      0.00      0.00        15
         419       0.00      0.00      0.00         2
         420       0.00      0.00      0.00        10
         421       0.63      0.95      0.75       136
         422       0.00      0.00      0.00         5
         423       0.88      0.99      0.93       250
         424       0.00      0.00      0.00        31
         425       0.00      0.00      0.00         5
         426       0.00      0.00      0.00         4
         427       1.00      0.75      0.86        36
         428       0.85      0.95      0.90        91
         429       0.00      0.00      0.00         1
         430       0.69      0.95      0.80       102
         431       0.00      0.00      0.00         2
         432       0.00      0.00      0.00        31
         433       0.55      0.78      0.64       184
         434       0.00      0.00      0.00        10
         435       0.00      0.00      0.00         1
         436       1.00      0.09      0.17        32
         437       0.00      0.00      0.00        38
         438       0.55      0.80      0.65       242
         439       0.00      0.00      0.00         5
         440       0.00      0.00      0.00        28
         441       0.00      0.00      0.00         1
         442       1.00      0.75      0.85        59
         443       0.92      0.64      0.76        53
         444       0.00      0.00      0.00         3
         445       0.84      0.69      0.76        52
         446       0.00      0.00      0.00        15
         447       0.00      0.00      0.00         8
         448       0.00      0.00      0.00         6
         449       0.00      0.00      0.00        50
         450       0.84      0.77      0.80        79
         451       0.73      0.96      0.83        97
         452       0.00      0.00      0.00        11
         453       0.62      0.73      0.67        90
         454       0.69      0.93      0.79       153
         455       0.98      0.76      0.85        62
         456       0.00      0.00      0.00         4
         457       0.88      0.28      0.42        54
         458       0.00      0.00      0.00        12
         459       0.82      0.92      0.87       195
         460       0.00      0.00      0.00         9
         461       0.79      0.88      0.83       152
         462       0.00      0.00      0.00         7
         463       1.00      0.04      0.08        25
         466       0.00      0.00      0.00         3
         467       0.42      0.95      0.58        79
         468       0.00      0.00      0.00        23
         469       1.00      0.06      0.11        33
         470       1.00      0.89      0.94        85
         471       0.00      0.00      0.00         1
         472       0.00      0.00      0.00         5
         473       0.77      0.94      0.84        49
         474       0.64      0.63      0.64       147
         475       0.00      0.00      0.00         6
         476       0.00      0.00      0.00         8
         477       0.72      0.88      0.79       176
         478       0.00      0.00      0.00        10
         479       0.73      0.66      0.69       251
         480       0.00      0.00      0.00         3
         481       0.82      0.89      0.85       221
         483       0.81      0.86      0.84        95
         484       0.77      1.00      0.87       236
         486       0.70      0.97      0.81       104
         488       0.00      0.00      0.00         2
         489       0.00      0.00      0.00         1
         490       0.00      0.00      0.00         2
         491       0.00      0.00      0.00         2
         494       0.00      0.00      0.00         6
         495       0.00      0.00      0.00         4
         498       0.00      0.00      0.00         2
         501       0.00      0.00      0.00         1
         503       0.00      0.00      0.00         4
         504       0.00      0.00      0.00        17
         505       0.00      0.00      0.00         7
         506       0.00      0.00      0.00         3
         507       0.00      0.00      0.00         1
         508       0.97      0.84      0.90       103
         509       0.00      0.00      0.00         1
         510       0.00      0.00      0.00         2
         511       0.59      0.94      0.72       119
         512       0.73      1.00      0.85       122
         513       1.00      0.11      0.20        36
         514       1.00      0.25      0.41        59
         515       0.69      0.97      0.80       173
         516       1.00      0.44      0.61        34
         517       0.00      0.00      0.00        23
         518       1.00      0.15      0.26        33
         519       0.99      0.94      0.96        95
         520       0.89      0.86      0.88       197
         521       0.77      0.82      0.79       176
         522       0.00      0.00      0.00         2
         523       0.00      0.00      0.00         2
         524       0.70      0.67      0.69        98
         525       0.00      0.00      0.00        14
         526       0.95      0.43      0.59        42
         527       0.72      0.91      0.80       180
         528       0.81      0.93      0.86        67
         529       0.96      0.63      0.76        35
         530       1.00      0.12      0.21        43
         531       0.66      0.95      0.78       174
         532       0.00      0.00      0.00        14
         533       0.00      0.00      0.00         3
         534       0.90      0.92      0.91       101
         535       0.96      1.00      0.98       102
         536       0.78      0.81      0.80        75
         537       0.64      0.84      0.73       128
         539       0.77      0.87      0.82       189
         540       0.76      0.98      0.85        93
         541       0.00      0.00      0.00         2
         542       0.00      0.00      0.00        28
         543       0.00      0.00      0.00        30
         544       1.00      0.04      0.08        24
         545       0.82      0.94      0.88       263
         546       0.00      0.00      0.00        19
         547       0.94      0.92      0.93        79
         548       0.79      0.92      0.85        36
         549       0.00      0.00      0.00        35
         550       0.54      0.44      0.48       178
         551       0.00      0.00      0.00         2
         552       0.00      0.00      0.00         5
         553       0.00      0.00      0.00        16
         554       0.97      0.93      0.95        74
         556       0.00      0.00      0.00        25
         557       0.00      0.00      0.00         7
         558       0.00      0.00      0.00         6
         559       0.00      0.00      0.00        15
         560       0.00      0.00      0.00         2
         561       0.00      0.00      0.00         5
         562       1.00      0.18      0.30        39
         563       0.74      0.90      0.81       125
         564       0.00      0.00      0.00         3
         565       0.86      0.71      0.78       216
         566       0.95      0.75      0.84        56
         567       0.00      0.00      0.00         8
         568       0.00      0.00      0.00        10
         569       0.00      0.00      0.00         7
         570       0.00      0.00      0.00         1
         571       0.00      0.00      0.00        16
         572       0.00      0.00      0.00         4
         573       0.00      0.00      0.00         7
         574       1.00      0.35      0.52        31
         576       0.00      0.00      0.00        27
         577       0.00      0.00      0.00        37
         578       0.66      0.80      0.73        56
         579       0.00      0.00      0.00        12
         580       0.00      0.00      0.00        23
         581       0.35      0.26      0.30       119
         582       0.00      0.00      0.00        13
         583       0.66      0.99      0.79        87
         584       1.00      0.02      0.04        47
         585       0.00      0.00      0.00         3
         586       1.00      0.27      0.42        30
         587       0.00      0.00      0.00         8
         588       0.00      0.00      0.00         2
         589       0.98      0.85      0.91        71
         590       0.00      0.00      0.00        26
         591       0.00      0.00      0.00         9
         592       1.00      0.17      0.29        41
         593       0.00      0.00      0.00         2
         594       0.00      0.00      0.00         9
         595       1.00      0.05      0.09        41
         596       0.00      0.00      0.00         5
         598       0.76      0.96      0.85       187
         599       0.00      0.00      0.00        30
         600       0.64      0.93      0.76       113
         601       0.00      0.00      0.00        14
         602       0.00      0.00      0.00         2
         603       0.00      0.00      0.00        13
         604       0.67      0.80      0.73       197
         605       1.00      0.16      0.28        31
         606       0.68      0.47      0.56       174
         607       1.00      0.02      0.04        52
         608       0.67      0.91      0.77        98
         609       0.85      0.96      0.90       184
         610       0.00      0.00      0.00        40
         611       0.00      0.00      0.00        20
         612       0.88      0.95      0.92        80
         614       0.60      0.63      0.61       180
         615       0.00      0.00      0.00         5
         616       0.73      0.96      0.83       179
         617       0.00      0.00      0.00         4
         619       0.88      0.86      0.87       191
         620       0.79      0.31      0.44        49
         621       0.00      0.00      0.00        55
         622       0.00      0.00      0.00        28
         623       0.00      0.00      0.00         2
         624       0.00      0.00      0.00         1
         625       0.83      0.98      0.90       134
         626       0.00      0.00      0.00         1
         627       0.66      0.88      0.76       139
         628       0.00      0.00      0.00        22
         629       0.00      0.00      0.00        12
         630       0.96      0.81      0.88        85
         631       1.00      0.09      0.16        34
         632       1.00      0.06      0.11        50
         633       0.00      0.00      0.00        17
         634       0.55      0.65      0.60       170
         635       0.75      0.92      0.83       122
         636       0.00      0.00      0.00         4
         637       0.93      0.81      0.86        67
         638       0.00      0.00      0.00        29
         639       0.00      0.00      0.00         1
         640       0.92      0.96      0.94       185
         641       0.73      0.98      0.84       172
         642       0.69      0.91      0.78       153
         643       0.64      0.25      0.35       191
         644       0.65      0.86      0.74       148
         645       0.77      0.96      0.86       177
         646       0.00      0.00      0.00        16
         647       0.83      0.99      0.90        71
         648       0.77      0.97      0.86       107
         649       0.00      0.00      0.00        33
         650       1.00      0.52      0.69        42
         651       0.73      0.90      0.81       172
         652       0.59      0.87      0.70       180
         653       0.00      0.00      0.00        20
         654       0.76      0.60      0.67       124
         655       0.47      0.43      0.45       137
         656       0.45      0.49      0.47       172
         657       0.63      0.26      0.37       189
         658       0.91      1.00      0.95       175
         659       0.70      0.74      0.72       105
         660       0.00      0.00      0.00        40
         661       0.00      0.00      0.00        23
         662       0.00      0.00      0.00        16
         663       0.00      0.00      0.00         1
         664       0.00      0.00      0.00        14
         665       0.84      0.71      0.77       225
         666       0.00      0.00      0.00         3
         667       0.82      0.96      0.89        73
         668       0.84      0.82      0.83       148
         669       0.69      0.73      0.71       251
         670       0.79      0.79      0.79       255
         672       0.77      0.94      0.84       233
         673       0.00      0.00      0.00        14
         674       0.00      0.00      0.00        26
         675       0.81      0.92      0.86       261
         676       1.00      0.47      0.64        58
         677       0.00      0.00      0.00        22
         678       0.62      0.91      0.73       132
         679       0.84      0.96      0.89       192
         680       0.00      0.00      0.00         6
         681       0.00      0.00      0.00        34
         682       0.00      0.00      0.00        47
         683       1.00      0.04      0.08        23
         684       0.00      0.00      0.00        38
         686       0.00      0.00      0.00         6
         687       0.00      0.00      0.00         2
         688       1.00      0.07      0.13        29
         689       0.75      0.95      0.84        78
         690       0.79      0.64      0.71       179
         691       0.84      0.94      0.89        69
         692       0.80      0.83      0.82       128
         693       0.98      0.84      0.91        58
         694       0.00      0.00      0.00         1
         695       0.00      0.00      0.00         8
         696       0.00      0.00      0.00        19
         698       0.00      0.00      0.00        32
         699       1.00      0.18      0.31        38
         700       0.67      0.81      0.74       183
         701       1.00      0.14      0.24        22
         702       0.87      1.00      0.93       100
         703       0.00      0.00      0.00         4
         704       0.00      0.00      0.00         2
         705       0.94      0.35      0.52        48
         706       0.00      0.00      0.00        16
         707       1.00      0.68      0.81        72
         708       1.00      0.04      0.08        48
         709       0.95      0.87      0.91        61
         710       0.95      0.96      0.95        91
         711       0.78      0.95      0.86       119
         712       0.66      0.83      0.74       133
         713       0.92      0.96      0.94        49
         714       0.00      0.00      0.00         4
         715       0.00      0.00      0.00        15
         716       0.00      0.00      0.00         1
         717       0.00      0.00      0.00        41
         718       0.66      0.99      0.79       105
         719       0.00      0.00      0.00         6
         720       0.00      0.00      0.00         3
         721       0.98      0.66      0.79        74
         723       0.81      0.54      0.65        41
         724       0.00      0.00      0.00        13
         725       0.00      0.00      0.00         4
         726       0.00      0.00      0.00         1
         728       0.00      0.00      0.00         1
         729       1.00      0.77      0.87        75
         730       0.91      0.65      0.76        66
         731       0.86      0.52      0.65        71
         732       0.00      0.00      0.00         5
         733       0.78      0.93      0.85        94
         734       0.70      0.98      0.81        90
         735       0.62      0.90      0.74       178
         736       0.79      0.88      0.83       137
         737       1.00      0.08      0.14        39
         738       0.00      0.00      0.00         1
         739       0.74      0.72      0.73        88
         740       0.00      0.00      0.00         3
         742       0.68      0.82      0.74       220
         743       0.69      0.89      0.78       119
         744       0.00      0.00      0.00        18
         745       0.63      0.88      0.73       180
         747       0.84      0.98      0.90       120
         748       0.00      0.00      0.00        21
         749       0.98      0.63      0.76        67
         750       0.96      0.95      0.96        79
         751       0.00      0.00      0.00         3
         752       0.00      0.00      0.00         3
         753       0.64      0.86      0.74       114
         754       0.00      0.00      0.00         9
         755       0.59      0.84      0.69        85
         756       0.00      0.00      0.00         1
         757       0.00      0.00      0.00        15
         758       0.00      0.00      0.00         3
         759       0.75      0.04      0.07        79
         760       0.00      0.00      0.00         2
         761       0.00      0.00      0.00        22
         762       0.00      0.00      0.00         3
         763       0.00      0.00      0.00         2
         765       0.00      0.00      0.00        44
         766       0.85      0.92      0.88       260
         767       0.00      0.00      0.00         2
         768       0.74      0.92      0.82       111
         769       0.00      0.00      0.00        11
         770       0.00      0.00      0.00         1
         771       0.74      0.96      0.84       106
         772       0.00      0.00      0.00         2

    accuracy                           0.75     49389
   macro avg       0.42      0.39      0.38     49389
weighted avg       0.71      0.75      0.71     49389

Confusion Matrix:
[[  7   0   0 ...   0   0   0]
 [  0  80   0 ...   0   0   0]
 [  0   0  27 ...   0   0   0]
 ...
 [  0   0   0 ...   0   0   0]
 [  0   0   0 ...   0 102   0]
 [  0   0   0 ...   0   0   0]]
